0,318
0,50
0,315
0,281
0,280
0,279
0,317
0,46
0,274
0,316
0,204
0,310
0,202
0,307
0,303
0,300
0,298
0,297
27,3
27,2
0,296
27,1
27,0
0,295
0,294
26,5
26,4
26,3
26,2
0,293
26,1
26,0
0,292
0,291
25,3
25,2
0,290
25,1
25,0
0,289
0,288
24,4
24,3
24,2
0,287
24,1
24,0
0,286
14,3
0,285
13,3
0,272
0,271
23,4
23,3
23,2
0,12
0,11
0,275
0,276
0,10
0,9
0,284
0,8
23,1
23,0
0,7
3,3
0,51
10,313
0,546
10,312
10,311
0,545
0,243
10,310
0,544
10,309
10,308
0,543
10,307
0,542
10,306
10,305
0,541
11,29
10,304
0,540
10,303
0,539
10,302
8,18
10,301
0,538
10,300
0,537
10,299
0,536
10,298
10,297
0,535
10,296
0,534
10,295
10,294
0,533
11,28
10,293
0,532
10,292
10,291
0,531
10,290
0,530
10,289
10,288
0,529
10,287
0,528
10,286
10,285
0,527
10,284
0,526
10,283
10,282
0,525
10,281
0,524
10,280
11,27
10,279
0,523
10,278
9,7
0,522
10,277
0,521
10,276
10,275
0,520
10,274
0,519
10,273
10,272
0,518
10,271
0,517
10,270
10,269
0,516
10,268
0,515
10,267
8,17
10,266
0,514
10,265
0,513
10,264
11,26
10,263
0,512
10,262
0,511
10,261
0,510
10,260
10,259
0,509
11,25
10,258
0,508
10,257
0,507
10,256
10,255
0,506
10,254
0,505
10,253
0,504
10,252
10,251
0,503
10,250
11,24
0,502
10,249
10,248
0,501
10,247
0,500
10,246
10,245
0,499
10,244
0,498
8,16
10,243
10,242
0,497
10,241
0,496
10,240
10,239
0,495
10,238
0,494
10,237
10,236
0,493
8,15
